1536
1744
375
1517
648
1749
864
1546
1055
1521
693
1356
1395
495
1720
1251
1069
1147
96
598
270
1160
1141
1011
1548
821
1660
387
760
109
1907
849
530
558
800
1932
383
524
901
1291
186
455
1094
1825
472
1883
78
258
288
743
1663
1748
875
1504
1480
361
472
86
1020
124
996
374
1025
922
1432
914
1734
1411
1923
287
1080
1760
297
525
1543
1336
1356
300
149
478
1562
605
1582
829
1927
694
1630
1223
189
1451
1248
377
161
857
163
308
424
1220
610
1544
842
964
115
705
1558
347
1151
886
1238
58
116
1712
4
981
232
1368
1196
1924
671
244
948
524
1711
164
490
1053
258
391
1853
1100
1515
867
798
1012
221
133
1368
521
1080
886
1390
1070
901
623
1956
103
1572
1838
225
1217
1491
1097
1460
897
1666
514
1988
826
1750
812
524
163
1355
1789
759
792
653
1845
520
95
1608
846
861
846
462
596
1156
188
1753
1350
1871
965
642
1709
1365
306
722
493
281
1336
1814
1467
1871
1695
920
1358
699
1190
1564
1432
732
1333
440
1990
778
964
1960
806
268
362
208
425
1533
856
1715
1801
1999
1543
836
877
2000
575
364
1275
557
202
891
29
212
1464
1682
1207
654
180
1328
1879
813
1366
59
686
1186
507
1329
687
691
1410
1504
1813
1323
8
627
1850
1858
903
814
485
1406
1402
1532
435
666
932
1702
809
630
1330
679
1017
415
62
158
1460
1664
949
20
239
1369
283
607
1048
528
1390
758
698
1574
744
1317
528
1403
233
227
1543
1203
1284
290
1367
1162
1160
23
1779
647
1123
1931
1375
686
466
913
1985
1368
427
57
1995
966
287
852
1656
484
586
761
933
1995
77
1479
34
585
1503
380
1801
1989
799
470
1950
349
988
248
167
626
1817
1919
1310
1335
395
1158
469
454
52
1814
58
932
822
306
715
790
304
450
459
1347
173
877
1286
1932
285
557
1489
1370
1699
1486
901
1094
1441
376
702
463
801
1181
1311
663
1718
740
1417
1343
1602
1543
683
324
1961
1882
11
1034
1013
957
1558
585
1644
868
1925
1940
591
293
129
1089
532
434
824
486
630
1671
80
497
300
774
652
1452
983
641
1901
62
80
104
1290
341
737
1764
1842
1394
114
179
33
534
600
517
1426
1772
1193
902
213
1686
931
909
433
1789
493
1252
555
771
782
1433
456
1164
141
1636
1535
668
728
1178
386
1810
153
545
926
469
262
277
929
766
1048
1707
45
423
350
373
1514
66
211
789
1328
125
717
21
228
1716
1608
1045
1395
1799
898
1350
461
670
1128
216
1124
1611
945
431
726
1391
1865
363
1206
1599
1601
1351
1954
712
885
1426
577
417
574
13
123
736
1625
1557
925
527
1527
401
1900
1744
695
1022
1322
367
81
569
1000
359
932
268
923
664
531
1101
482
1880
1322
1091
550
327
200
523
530
631
1320
746
54
955
1728
723
23
959
1421
1916
1321
458
702
1020
1423
1311
1217
1943
1826
1146
747
78
545
345
1852
1760
904
1848
1810
1093
404
1041
1501
845
117
1268
675
1140
1173
244
1092
969
1096
146
1440
384
693
1582
136
1028
1956
347
995
545
1384
1347
482
833
398
1051
1686
1076
951
1767
1728
1366
627
1425
1145
284
718
1382
1939
143
1264
1009
1760
460
527
205
626
1515
760
1653
1618
1967
1262
1518
436
61
274
1016
1707
1024
1171
1536
1241
781
967
1930
1514
1986
587
621
946
212
616
1935
420
554
439
1603
997
516
327
223
256
544
1468
1187
1690
781
1337
903
585
993
1553
5
1265
1145
1163
903
991
1584
660
1137
1545
609
281
1122
86
240
197
664
1850
1030
152
66
149
1515
1545
1145
1597
522
1341
1953
1096
1311
1145
1756
1470
99
644
705
78
1916
912
267
81
1886
1867
1780
1180
1831
593
436
698
1642
836
197
1369
1322
1598
809
563
89
1446
1645
384
737
1250
303
1978
1939
252
1007
1185
559
808
578
1184
947
1317
733
800
71
1442
1664
1035
824
690
1712
356
1907
1219
57
373
1717
1148
1076
1657
1841
197
1622
891
1313
1467
1097
1246
1824
68
495
1631
1816
1983
579
1032
280
1584
483
807
168
363
251
78
1951
1791
1699
1099
1989
421
1885
491
1621
1337
311
1531
1989
408
1736
1567
1529
1738
1672
182
868
1395
464
638
977
1652
261
1940
1618
983
1535
1407
1638
1723
1935
958
608
348
1488
1758
1350
1047
1436
128
1623
1372
530
1515
1456
357
1927
350
1137
950
1612
137
1419
1766
990
44
1005
1245
291
1743
1888
910
963
916
1631
1879
613
1930
571
726
221
1204
1454
527
1170
58
894
715
4
1789
1237
1459
253
1952
1598
1837
663
710
1746
22
95
87
357
577
1609
391
1002
1679
69
1080
1262
1567
1120
1422
1843
1448
813
1763
635
1397
1109
1677
1673
1136
1005
1805
546
802
360
1978
681
1593
1068
1805
204
203
393
781
1785
1515
1207
110
1669
1482
1679
1430
1806
1119
1773
496
207
778
1076
1333
1300
69
1955
247
495
620
695
335
698
1647
1873
1562
94
1525
761
1632
628
563
1923
1222
1545
478
209
1860
407
397
1369
488
642
1491
201
364
1328
523
808
198
1181
1044
1374
1791
109
975
1719
391
1891
1303
1091
775
834
1409
658
518
610
1283
415
256
902
314
698
35
171
423
938
524
1619
634
275
642
1075
1313
564
1729
42
82
1892
618
1731
88
687
1721
1292
1275
699
632
88
1651
160
914
130
1773
1703
569
67
1791
977
316
1158
1481
1148
1395
154
1692
898
1053
1048
1808
994
941
1253
1456
547
432
1546
25
342
562
1939
1892
1772
578
1284
1087
872
1283
1570
994
1861
692
977
480
1531
1106
362
1773
1630
1883
1264
1936
1400
887
67
473
601
851
1956
1700
1964
142
394
574
1739
1208
1444
1511
1237
1271
656
1065
1599
1819
1068
761
73
789
683
331
1715
1252
1178
122
31
1584
515
1528
168
602
306
211
484
1267
886
522
246
1212
42
1870
679
158
1573
220
662
315
702
1785
1965
757
532
1007
1798
174
1934
1432
1422
687
1214
1736
1801
61
1195
880
134
201
351
1583
1636
214
398
700
549
704
536
1234
610
12
1345
1963
479
1690
367
160
1457
418
259
1567
349
526
748
1535
1442
1284
1112
1664
458
40
1997
934
1949
1823
183
1640
1815
1734
499
1907
539
724
43
341
1896
333
610
1175
427
1897
771
410
437
420
1205
1317
734
311
434
1933
1545
407
1464
935
154
557
191
1274
758
134
684
1833
170
1180
197
607
879
1028
1190
1995
908
1273
1204
1711
1084
361
176
339
242
94
1886
463
26
1600
199
809
1378
922
1564
1292
1433
1930
1516
1322
1382
1628
1095
1090
796
953
771
53
1725
1660
879
630
1005
869
455
1041
1464
1874
1783
670
1846
1211
1619
1733
445
172
871
1555
440
440
458
1246
1288
1228
376
1526
168
114
753
1805
933
1384
1772
200
221
64
1104
1190
823
1801
1860
1840
1028
894
1108
210
1876
1709
1959
570
460
1354
176
1502
390
1893
338
1058
1754
1353
39
1498
1516
1991
210
397
70
1667
1460
811
1671
476
668
1440
1372
1442
1554
1465
1582
451
870
246
1484
887
1604
1777
890
1677
91
239
394
341
270
1636
1083
703
1643
1068
1663
996
522
951
289
484
184
1108
1222
175
117
1281
1171
232
1226
370
1280
1159
415
1712
1916
1694
636
1956
1473
1886
591
1285
1241
266
637
1469
192
1900
1868
451
1420
391
432
821
1771
1550
1156
467
716
867
1772
1668
1697
817
249
1811
754
1198
93
1578
1686
556
111
994
222
1567
1345
1498
162
596
1504
406
432
1679
1628
1498
1986
1317
73
87
912
620
372
1204
1125
415
1786
529
1158
663
1702
1576
1041
1286
1449
1574
1490
246
575
1689
1852
434
1711
169
1158
579
36
1931
147
365
698
996
151
507
1242
987
503
264
1370
1651
1040
1775
590
1831
90
1382
1956
1159
1134
391
255
754
1622
1759
1505
1652
357
234
1807
322
311
111
1904
307
1289
455
1254
433
76
580
688
1680
1238
976
1935
863
1930
1444
23
1373
473
1306
664
1278
1609
820
638
254
949
78
518
276
1381
1105
531
155
575
378
95
61
1406
107
1093
1681
1522
849
1103
1831
1736
1670
1707
97
1452
279
436
1252
28
1160
366
1935
319
918
1025
812
805
1197
922
469
1952
636
878
568
1364
1958
209
1741
1355
1498
279
840
461
325
104
1307
1246
742
89
846
1639
1458
1912
913
1241
314
840
48
1808
602
927
1432
1525
803
1532
58
1366
843
396
205
1130
1939
302
329
1903
809
1046
162
1191
415
1264
561
515
1692
774
1657
190
1810
131
1048
461
1600
360
253
1861
1208
1870
505
605
3
1518
441
630
1940
1598
451
873
1050
1101
382
1551
1162
1952
1847
1271
1901
1182
434
563
630
1113
1981
1844
1302
1774
1163
920
1555
831
64
1888
582
638
840
871
181
1245
461
256
1345
340
1017
1519
368
35
1560
603
29
1336
1298
1458
446
659
727
653
1190
1993
187
1126
1069
470
757
264
1021
1397
355
261
1630
1141
256
718
356
1572
1528
446
327
975
427
983
548
1710
1025
898
914
1994
1501
1825
807
1808
1605
1064
956
1194
17
395
1358
332
1425
905
631
1836
676
538
1741
1573
246
916
856
894
1817
1428
298
1511
488
1532
1674
227
696
375
1761
1517
1488
1013
1801
1300
683
723
1699
1784
1979
1834
280
1002
432
236
594
1391
985
138
1148
1494
506
1801
951
1914
1743
774
510
825
111
632
796
918
629
645
1245
1436
235
696
514
68
808
1777
1657
1129
876
1181
1773
1578
585
1783
681
368
213
1743
1475
1600
1709
1898
1495
371
1419
235
1952
1780
1147
97
303
1370
795
912
1109
999
657
852
755
895
1538
515
1268
1885
143
451
617
227
226
205
1974
289
26
640
843
568
468
1368
870
607
187
432
1510
1989
657
1445
851
360
62
1645
1548
1798
1047
697
369
338
83
903
563
1369
315
683
1384
597
1360
430
1523
1473
1745
759
20
943
380
874
1852
535
1989
1214
1940
1440
582
900
1998
1220
982
260
731
927
780
1594
111
744
1813
753
706
483
165
1326
952
1030
842
449
1475
763
151
1112
760
902
368
1684
1711
1799
1569
287
975
130
788
1982
74
685
1939
1908
1300
425
1770
1768
1770
1573
1921
1384
529
303
1833
1789
1372
1084
948
224
1650
571
10
862
1262
197
1865
1176
1337
919
92
1790
1718
1843
1519
158
156
1300
338
391
777
529
1133
514
1797
1172
1891
675
1445
890
10
989
849
1373
1306
836
1592
897
99
1863
1923
797
1620
1085
1815
1371
505
814
